258
0 7 
1 7 
2 7 
3 7 
4 7 
5 7 
6 7 
7 7 
8 7 
9 7 
10 7 
11 7 
12 7 
13 7 
14 7 
15 7 
16 7 
17 7 
18 7 
19 7 
20 7 
21 7 
22 7 
23 7 
24 7 
25 7 
26 7 
27 7 
28 7 
29 17 
30 17 
31 17 
32 17 
33 17 
34 17 
35 17 
36 17 
37 17 
38 17 
39 17 
40 17 
41 17 
42 17 
43 17 
44 17 
45 17 
46 17 
47 17 
48 17 
49 17 
50 17 
51 17 
52 17 
53 0 
54 0 
55 0 
56 0 
57 0 
58 0 
59 0 
60 0 
61 0 
62 0 
63 0 
64 0 
65 0 
66 0 
67 0 
68 0 
69 0 
70 1 
71 1 
72 1 
73 1 
74 1 
75 1 
76 1 
77 1 
78 1 
79 1 
80 1 
81 1 
82 1 
83 1 
84 1 
85 1 
86 1 
87 1 
88 1 
89 1 
90 1 
91 1 
92 6 
93 6 
94 6 
95 6 
96 6 
97 6 
98 6 
99 6 
100 6 
101 6 
102 6 
103 6 
104 6 
105 6 
106 6 
107 6 
108 6 
109 6 
110 6 
111 18 
112 18 
113 18 
114 18 
115 18 
116 18 
117 18 
118 18 
119 18 
120 18 
121 18 
122 18 
123 18 
124 18 
125 18 
126 18 
127 8 
128 8 
129 8 
130 8 
131 8 
132 8 
133 8 
134 8 
135 8 
136 8 
137 8 
138 8 
139 8 
140 8 
141 8 
142 8 
143 8 
144 14 
145 14 
146 14 
147 14 
148 14 
149 14 
150 14 
151 13 
152 13 
153 13 
154 13 
155 13 
156 13 
157 13 
158 13 
159 13 
160 13 
161 13 
162 13 
163 13 
164 13 
165 13 
166 2 
167 2 
168 2 
169 5 
170 5 
171 5 
172 5 
173 5 
174 5 
175 5 
176 5 
177 5 
178 5 
179 5 
180 5 
181 5 
182 5 
183 5 
184 5 
185 5 
186 5 
187 11 
188 11 
189 11 
190 11 
191 11 
192 11 
193 11 
194 11 
195 15 
196 15 
197 15 
198 15 
199 15 
200 15 
201 15 
202 15 
203 15 
204 3 
205 3 
206 3 
207 3 
208 3 
209 3 
210 3 
211 3 
212 3 
213 3 
214 3 
215 3 
216 3 
217 3 
218 3 
219 3 
220 3 
221 3 
222 3 
223 3 
224 3 
225 3 
226 3 
227 3 
228 12 
229 12 
230 12 
231 12 
232 12 
233 10 
234 10 
235 10 
236 10 
237 10 
238 10 
239 10 
240 10 
241 10 
242 4 
243 4 
244 4 
245 4 
246 9 
247 9 
248 9 
249 9 
250 9 
251 9 
252 16 
253 16 
254 16 
255 16 
256 16 
257 16 
768
0 1 3 
1 0 3 
1 2 5 
2 1 5 
2 3 6 
2 128 0 
3 2 6 
3 4 6 
3 72 0 
4 3 6 
4 5 2 
4 194 0 
5 4 2 
5 6 6 
5 124 0 
6 5 6 
6 7 3 
6 181 0 
6 188 0 
7 6 3 
7 8 4 
7 180 0 
7 187 0 
7 204 0 
8 7 4 
8 9 2 
8 51 0 
8 245 0 
9 8 2 
9 10 2 
9 122 0 
10 9 2 
10 11 4 
10 74 0 
11 10 4 
11 12 4 
11 57 0 
11 99 0 
12 11 4 
12 13 2 
12 29 0 
13 12 2 
13 14 5 
13 77 0 
13 186 0 
13 195 0 
14 13 5 
14 15 3 
14 176 0 
15 14 3 
15 16 2 
15 157 0 
16 15 2 
16 17 1 
16 229 0 
17 16 1 
17 18 5 
17 95 0 
18 17 5 
18 19 2 
18 45 0 
19 18 2 
19 20 9 
19 25 4 
20 19 9 
20 21 4 
20 141 0 
21 20 4 
21 22 11 
22 21 11 
22 23 7 
22 254 0 
23 22 7 
23 24 11 
23 249 0 
24 23 11 
24 227 0 
25 19 4 
25 26 18 
25 140 0 
26 25 18 
26 27 17 
26 83 0 
27 26 17 
27 28 3 
27 217 0 
28 27 3 
29 30 3 
29 50 2 
29 12 0 
30 29 3 
30 31 1 
30 58 0 
31 30 1 
31 32 2 
31 100 0 
32 31 2 
32 33 1 
32 75 0 
32 101 0 
33 32 1 
33 34 2 
33 121 0 
34 33 2 
34 35 5 
34 103 0 
34 179 0 
34 205 0 
35 34 5 
35 36 1 
35 51 9 
36 35 1 
36 37 8 
36 133 0 
37 36 8 
37 38 4 
37 146 0 
38 37 4 
38 39 4 
38 162 0 
39 38 4 
39 40 3 
39 208 0 
40 39 3 
40 41 2 
40 236 0 
41 40 2 
41 42 6 
41 64 0 
42 41 6 
42 43 8 
42 82 0 
43 42 8 
43 44 6 
43 231 0 
44 43 6 
44 45 2 
44 139 0 
45 44 2 
45 46 4 
45 52 11 
45 18 0 
46 45 4 
46 47 2 
46 94 0 
47 46 2 
47 48 3 
47 154 0 
48 47 3 
48 49 2 
48 115 0 
49 48 2 
49 50 7 
49 171 0 
49 197 0 
50 49 7 
50 29 2 
50 98 0 
51 35 9 
51 8 0 
51 245 0 
52 45 11 
53 54 3 
54 53 3 
54 55 20 
54 174 0 
55 54 20 
55 56 2 
55 112 0 
56 55 2 
56 57 14 
56 111 0 
57 56 14 
57 58 1 
57 11 0 
57 99 0 
58 57 1 
58 59 1 
58 30 0 
59 58 1 
59 60 3 
59 76 0 
60 59 3 
60 61 2 
60 119 0 
61 60 2 
61 62 5 
61 178 0 
62 61 5 
62 63 3 
62 233 0 
63 62 3 
63 64 2 
63 136 0 
63 159 0 
64 63 2 
64 65 4 
64 41 0 
65 64 4 
65 66 4 
65 237 0 
66 65 4 
66 67 9 
66 209 0 
67 66 9 
67 68 2 
67 210 0 
68 67 2 
68 69 2 
68 148 0 
69 68 2 
69 109 0 
70 71 1 
71 70 1 
71 72 2 
71 129 0 
72 71 2 
72 73 14 
72 3 0 
73 72 14 
73 74 6 
73 243 0 
74 73 6 
74 75 1 
74 10 0 
75 74 1 
75 76 2 
75 32 0 
75 101 0 
76 75 2 
76 77 4 
76 59 0 
77 76 4 
77 78 3 
77 13 0 
77 186 0 
77 195 0 
78 77 3 
78 79 3 
78 118 0 
79 78 3 
79 80 3 
79 177 0 
80 79 3 
80 81 2 
80 158 0 
81 80 2 
81 82 1 
81 137 0 
82 81 1 
82 83 25 
82 42 0 
83 82 25 
83 84 18 
83 26 0 
84 83 18 
84 85 2 
84 218 0 
85 84 2 
85 86 2 
85 219 0 
86 85 2 
86 87 2 
86 220 0 
87 86 2 
87 88 2 
87 221 0 
88 87 2 
88 89 2 
88 222 0 
89 88 2 
89 90 2 
89 223 0 
90 89 2 
90 91 2 
90 224 0 
91 90 2 
91 225 0 
92 93 2 
93 92 2 
93 94 22 
93 152 0 
93 200 0 
94 93 22 
94 95 3 
94 46 0 
95 94 3 
95 96 1 
95 17 0 
96 95 1 
96 97 5 
96 155 0 
97 96 5 
97 98 3 
97 116 0 
97 170 0 
97 196 0 
98 97 3 
98 99 5 
98 50 0 
99 98 5 
99 100 2 
99 11 0 
99 57 0 
100 99 2 
100 101 2 
100 31 0 
101 100 2 
101 102 1 
101 32 0 
101 75 0 
102 101 1 
102 103 5 
102 120 0 
103 102 5 
103 104 7 
103 34 0 
103 179 0 
103 205 0 
104 103 7 
104 105 6 
104 132 0 
105 104 6 
105 106 1 
105 145 0 
106 105 1 
106 107 2 
106 108 4 
107 106 2 
108 106 4 
108 109 3 
108 164 0 
109 108 3 
109 110 1 
109 69 0 
110 109 1 
111 112 4 
111 113 8 
111 56 0 
112 111 4 
112 113 4 
112 55 0 
113 112 4 
113 114 5 
113 111 8 
114 113 5 
114 115 6 
114 173 0 
114 198 0 
115 114 6 
115 116 6 
115 48 0 
116 115 6 
116 117 1 
116 97 0 
116 170 0 
116 196 0 
117 116 1 
117 118 1 
117 169 0 
118 117 1 
118 119 9 
118 78 0 
119 118 9 
119 120 1 
119 60 0 
120 119 1 
120 121 1 
120 102 0 
121 120 1 
121 122 1 
121 33 0 
122 121 1 
122 123 3 
122 9 0 
123 122 3 
123 124 10 
123 244 0 
124 123 10 
124 125 1 
124 5 0 
125 124 1 
125 126 8 
125 130 0 
126 125 8 
126 192 0 
127 128 4 
128 127 4 
128 129 6 
128 2 0 
129 128 6 
129 130 6 
129 71 0 
130 129 6 
130 131 5 
130 125 0 
131 130 5 
131 132 8 
131 183 0 
131 190 0 
132 131 8 
132 133 3 
132 104 0 
133 132 3 
133 134 6 
133 36 0 
134 133 6 
134 135 3 
134 206 0 
135 134 3 
135 136 3 
135 234 0 
136 135 3 
136 137 5 
136 63 0 
136 159 0 
137 136 5 
137 138 13 
137 81 0 
138 137 13 
138 139 4 
138 230 0 
139 138 4 
139 140 3 
139 44 0 
140 139 3 
140 141 10 
140 25 0 
141 140 10 
141 142 17 
141 20 0 
142 141 17 
142 143 6 
142 253 0 
143 142 6 
143 248 0 
144 145 1 
145 144 1 
145 146 5 
145 105 0 
146 145 5 
146 147 2 
146 37 0 
147 146 2 
147 148 2 
147 163 0 
148 147 2 
148 149 5 
148 68 0 
149 148 5 
149 150 14 
149 211 0 
150 149 14 
150 212 0 
151 152 4 
152 151 4 
152 153 3 
152 93 0 
152 200 0 
153 152 3 
153 154 12 
153 199 0 
154 153 12 
154 155 3 
154 47 0 
155 154 3 
155 156 2 
155 96 0 
156 155 2 
156 157 2 
156 228 0 
157 156 2 
157 158 6 
157 15 0 
158 157 6 
158 159 5 
158 80 0 
159 158 5 
159 160 3 
159 63 0 
159 136 0 
160 159 3 
160 161 3 
160 235 0 
161 160 3 
161 162 6 
161 207 0 
162 161 6 
162 163 4 
162 38 0 
163 162 4 
163 164 4 
163 147 0 
164 163 4 
164 165 2 
164 108 0 
165 164 2 
166 167 2 
166 238 0 
167 166 2 
167 168 5 
167 213 0 
168 167 5 
169 170 6 
169 176 3 
169 117 0 
170 169 6 
170 171 4 
170 97 0 
170 116 0 
170 196 0 
171 170 4 
171 172 2 
171 49 0 
171 197 0 
172 171 2 
172 173 2 
172 186 9 
173 172 2 
173 174 15 
173 114 0 
173 198 0 
174 173 15 
174 175 34 
174 54 0 
175 174 34 
176 169 3 
176 177 3 
176 14 0 
177 176 3 
177 178 11 
177 79 0 
178 177 11 
178 179 5 
178 61 0 
179 178 5 
179 180 4 
179 34 0 
179 103 0 
179 205 0 
180 179 4 
180 181 3 
180 7 0 
180 187 0 
180 204 0 
181 180 3 
181 182 2 
181 6 0 
181 188 0 
182 181 2 
182 183 2 
182 189 0 
183 182 2 
183 184 2 
183 131 0 
183 190 0 
184 183 2 
184 185 3 
184 191 0 
185 184 3 
186 172 9 
186 13 0 
186 77 0 
186 195 0 
187 188 3 
187 7 0 
187 180 0 
187 204 0 
188 187 3 
188 189 3 
188 6 0 
188 181 0 
189 188 3 
189 190 5 
189 182 0 
190 189 5 
190 191 1 
190 194 27 
190 131 0 
190 183 0 
191 190 1 
191 192 2 
191 184 0 
192 191 2 
192 193 3 
192 126 0 
193 192 3 
194 190 27 
194 4 0 
195 196 4 
195 13 0 
195 77 0 
195 186 0 
196 195 4 
196 197 3 
196 97 0 
196 116 0 
196 170 0 
197 196 3 
197 198 4 
197 49 0 
197 171 0 
198 197 4 
198 199 7 
198 114 0 
198 173 0 
199 198 7 
199 200 3 
199 153 0 
200 199 3 
200 201 6 
200 93 0 
200 152 0 
201 200 6 
201 202 6 
201 252 0 
202 201 6 
202 203 5 
202 247 0 
203 202 5 
204 205 7 
204 7 0 
204 180 0 
204 187 0 
205 204 7 
205 206 7 
205 34 0 
205 103 0 
205 179 0 
206 205 7 
206 207 1 
206 134 0 
207 206 1 
207 208 2 
207 161 0 
208 207 2 
208 209 3 
208 39 0 
209 208 3 
209 210 8 
209 66 0 
210 209 8 
210 211 3 
210 67 0 
211 210 3 
211 212 6 
211 149 0 
212 211 6 
212 213 5 
212 150 0 
213 212 5 
213 214 6 
213 167 0 
214 213 6 
214 215 2 
214 239 0 
215 214 2 
215 216 15 
215 240 0 
216 215 15 
216 217 21 
217 216 21 
217 218 22 
217 27 0 
218 217 22 
218 219 2 
218 84 0 
219 218 2 
219 220 2 
219 85 0 
220 219 2 
220 221 2 
220 86 0 
221 220 2 
221 222 2 
221 87 0 
222 221 2 
222 223 3 
222 88 0 
223 222 3 
223 224 3 
223 89 0 
224 223 3 
224 225 6 
224 90 0 
225 224 6 
225 226 15 
225 91 0 
226 225 15 
226 227 15 
226 256 0 
227 226 15 
227 24 0 
228 229 1 
228 156 0 
229 228 1 
229 230 2 
229 16 0 
230 229 2 
230 231 5 
230 138 0 
231 230 5 
231 232 1 
231 43 0 
232 231 1 
233 234 1 
233 62 0 
234 233 1 
234 235 2 
234 135 0 
235 234 2 
235 236 1 
235 160 0 
236 235 1 
236 237 2 
236 40 0 
237 236 2 
237 238 11 
237 65 0 
238 237 11 
238 239 3 
238 166 0 
239 238 3 
239 240 2 
239 214 0 
240 239 2 
240 241 2 
240 215 0 
241 240 2 
242 243 1 
243 242 1 
243 244 1 
243 73 0 
244 243 1 
244 245 2 
244 123 0 
245 244 2 
245 8 0 
245 51 0 
246 247 1 
247 246 1 
247 248 12 
247 202 0 
248 247 12 
248 249 9 
248 143 0 
249 248 9 
249 250 5 
249 23 0 
250 249 5 
250 251 1 
250 255 0 
251 250 1 
252 253 16 
252 201 0 
253 252 16 
253 254 3 
253 142 0 
254 253 3 
254 255 8 
254 22 0 
255 254 8 
255 256 9 
255 250 0 
256 255 9 
256 257 2 
256 226 0 
257 256 2 
